Experiment parameters:
N: 1000
P: 100
K: 10
T: 1h0m0s
S: 30.0
max_iter: 1000000

Train data log-likelihood:
[1m- CAVI-EB: 186.674[0m
- SVI-EB-500: 179.641
- SVI-EB-100: 175.07
- SVI-EB-10: 169.178
- SVI-EB-1: 67.0256
Test data log-likelihood:
[1m- CAVI-EB: 183.361[0m
- SVI-EB-500: 176.233
- SVI-EB-100: 172.109
- SVI-EB-10: 166.385
- SVI-EB-1: 67.8746
Silhouette scores:
[1m- SVI-EB-500: 0.746201[0m
- SVI-EB-10: 0.730612
- SVI-EB-100: 0.699818
- CAVI-EB: 0.431317
- SVI-EB-1: 0.0339983
- PCA: 0.0099187
Dropout identification accuracy:
[1m- CAVI-EB: 0.999975[0m
- SVI-EB-500: 0.965538
- SVI-EB-100: 0.950963
- SVI-EB-10: 0.935562
- SVI-EB-1: 0.751812
Dropout imputation error:
[1m- SVI-EB-500: 102.598[0m
- SVI-EB-100: 146.509
- SVI-EB-10: 172.742
- CAVI-EB: 233.492
- SVI-EB-1: 258.287
